# This file may be used to create an environment using:
# $ conda create --name <env> --file <this file>
# platform: win-64
asttokens=2.4.1=pyhd8ed1ab_0
backcall=0.2.0=pyh9f0ad1d_0
bzip2=1.0.8=hcfcfb64_5
ca-certificates=2024.2.2=h56e8100_0
colorama=0.4.6=pyhd8ed1ab_0
comm=0.2.1=pyhd8ed1ab_0
contourpy=1.1.1=pypi_0
cycler=0.12.1=pypi_0
debugpy=1.8.1=py38hd3f51b4_0
decorator=5.1.1=pyhd8ed1ab_0
executing=2.0.1=pyhd8ed1ab_0
fonttools=4.48.1=pypi_0
importlib-metadata=7.0.1=pyha770c72_0
importlib-resources=6.1.1=pypi_0
importlib_metadata=7.0.1=hd8ed1ab_0
ipykernel=6.29.2=pyha63f2e9_0
ipython=8.12.0=pyh08f2357_0
jedi=0.19.1=pyhd8ed1ab_0
joblib=1.3.2=pypi_0
jupyter_client=8.6.0=pyhd8ed1ab_0
jupyter_core=5.7.1=py38haa244fe_0
kiwisolver=1.4.5=pypi_0
libffi=3.4.2=h8ffe710_5
libsodium=1.0.18=h8d14728_1
libsqlite=3.45.1=hcfcfb64_0
libzlib=1.2.13=hcfcfb64_5
matplotlib=3.7.4=pypi_0
matplotlib-inline=0.1.6=pyhd8ed1ab_0
nest-asyncio=1.6.0=pyhd8ed1ab_0
numpy=1.24.4=pypi_0
openssl=3.2.1=hcfcfb64_0
packaging=23.2=pyhd8ed1ab_0
pandas=2.0.3=pypi_0
parso=0.8.3=pyhd8ed1ab_0
pickleshare=0.7.5=py_1003
pillow=10.2.0=pypi_0
pip=24.0=pyhd8ed1ab_0
platformdirs=4.2.0=pyhd8ed1ab_0
prompt-toolkit=3.0.42=pyha770c72_0
prompt_toolkit=3.0.42=hd8ed1ab_0
psutil=5.9.8=py38h91455d4_0
pure_eval=0.2.2=pyhd8ed1ab_0
pygments=2.17.2=pyhd8ed1ab_0
pyparsing=3.1.1=pypi_0
python=3.8.18=h4de0772_1_cpython
python-dateutil=2.8.2=pyhd8ed1ab_0
python_abi=3.8=4_cp38
pytz=2024.1=pypi_0
pywin32=306=py38hd3f51b4_2
pyzmq=25.1.2=py38hdecc13b_0
scikit-learn=1.3.2=pypi_0
scipy=1.10.1=pypi_0
setuptools=69.0.3=pyhd8ed1ab_0
six=1.16.0=pyh6c4a22f_0
stack_data=0.6.2=pyhd8ed1ab_0
threadpoolctl=3.3.0=pypi_0
tk=8.6.13=h5226925_1
torch=1.8.1+cu101=pypi_0
torchaudio=0.8.1=pypi_0
torchvision=0.9.1+cu101=pypi_0
tornado=6.3.3=py38h91455d4_1
traitlets=5.14.1=pyhd8ed1ab_0
typing_extensions=4.9.0=pyha770c72_0
tzdata=2024.1=pypi_0
ucrt=10.0.22621.0=h57928b3_0
vc=14.3=hcf57466_18
vc14_runtime=14.38.33130=h82b7239_18
vs2015_runtime=14.38.33130=hcb4865c_18
wcwidth=0.2.13=pyhd8ed1ab_0
wheel=0.42.0=pyhd8ed1ab_0
xz=5.2.6=h8d14728_0
zeromq=4.3.5=h63175ca_0
zipp=3.17.0=pyhd8ed1ab_0
